MM:DD:YYYY hh:mm:ss,Library_Version,Session_type,Device_Number,Battery_Voltage,Motor_Turns,PelletsToSwitch,Prob_left,Prob_right,Event,High_prob_poke,Left_Poke_Count,Right_Poke_Count,Pellet_Count,Block_Pellet_Count,Retrieval_Time,InterPelletInterval,Poke_Time
9/12/2023 19:28:59,1.17.0,Bandit,4,4.20,nan,30,20,80,Right,Right,0,1,0,0,nan,nan,0.00
9/12/2023 19:29:04,1.17.0,Bandit,4,4.20,2,30,20,80,Pellet,Right,0,1,1,0,0.12,nan,nan
9/12/2023 19:29:26,1.17.0,Bandit,4,4.20,nan,30,20,80,Right,Right,0,2,1,1,nan,nan,0.00
9/12/2023 19:29:29,1.17.0,Bandit,4,4.20,1,30,20,80,Pellet,Right,0,2,2,1,0.63,25,nan
9/12/2023 19:29:54,1.17.0,Bandit,4,4.20,nan,30,20,80,Left,Right,1,2,2,2,nan,nan,0.06
9/12/2023 19:30:13,1.17.0,Bandit,4,4.20,nan,30,20,80,Right,Right,1,3,2,2,nan,nan,0.07
9/12/2023 19:30:15,1.17.0,Bandit,4,4.20,1,30,20,80,Pellet,Right,1,3,3,2,0.25,46,nan
9/12/2023 19:30:27,1.17.0,Bandit,4,4.20,nan,30,20,80,Right,Right,1,4,3,3,nan,nan,0.00
9/12/2023 19:30:30,1.17.0,Bandit,4,4.20,1,30,20,80,Pellet,Right,1,4,4,3,0.56,15,nan
9/12/2023 19:30:46,1.17.0,Bandit,4,4.20,nan,30,20,80,Right,Right,1,5,4,4,nan,nan,0.00
9/12/2023 19:30:49,1.17.0,Bandit,4,4.20,1,30,20,80,Pellet,Right,1,5,5,4,0.63,19,nan
9/12/2023 19:31:01,1.17.0,Bandit,4,4.20,nan,30,20,80,Right,Right,1,6,5,5,nan,nan,0.00
9/12/2023 19:31:04,1.17.0,Bandit,4,4.20,1,30,20,80,Pellet,Right,1,6,6,5,0.82,15,nan
9/12/2023 19:31:38,1.17.0,Bandit,4,4.20,nan,30,20,80,Left,Right,2,6,6,6,nan,nan,0.05
9/12/2023 19:31:44,1.17.0,Bandit,4,4.20,2,30,20,80,Pellet,Right,2,6,7,6,1.64,40,nan
9/12/2023 19:33:42,1.17.0,Bandit,4,4.20,nan,30,20,80,Right,Right,2,7,7,7,nan,nan,0.10
9/12/2023 19:33:46,1.17.0,Bandit,4,4.20,2,30,20,80,Pellet,Right,2,7,8,7,0.25,122,nan
9/12/2023 19:34:04,1.17.0,Bandit,4,4.20,nan,30,20,80,Right,Right,2,8,8,8,nan,nan,0.00
9/12/2023 19:34:07,1.17.0,Bandit,4,4.20,2,30,20,80,Pellet,Right,2,8,9,8,0.50,21,nan
9/12/2023 19:38:31,1.17.0,Bandit,4,4.20,nan,30,20,80,Right,Right,2,9,9,9,nan,nan,0.00
9/12/2023 19:38:33,1.17.0,Bandit,4,4.20,1,30,20,80,Pellet,Right,2,9,10,9,0.31,266,nan
9/12/2023 19:38:50,1.17.0,Bandit,4,4.20,nan,30,20,80,Right,Right,2,10,10,10,nan,nan,0.00
9/12/2023 19:42:30,1.17.0,Bandit,4,4.20,nan,30,20,80,Left,Right,3,10,10,10,nan,nan,0.00
9/12/2023 19:44:51,1.17.0,Bandit,4,4.20,nan,30,20,80,Left,Right,4,10,10,10,nan,nan,0.00
9/12/2023 19:44:56,1.17.0,Bandit,4,4.20,nan,30,20,80,LeftinTimeOut,Right,4,10,10,10,nan,nan,nan
9/12/2023 19:45:04,1.17.0,Bandit,4,4.20,nan,30,20,80,RightinTimeout,Right,4,10,10,10,nan,nan,0.00
9/12/2023 19:45:08,1.17.0,Bandit,4,4.20,nan,30,20,80,RightinTimeout,Right,4,10,10,10,nan,nan,0.00
9/12/2023 19:45:16,1.17.0,Bandit,4,4.20,nan,30,20,80,RightinTimeout,Right,4,10,10,10,nan,nan,0.00
9/12/2023 19:45:16,1.17.0,Bandit,4,4.20,nan,30,20,80,RightinTimeout,Right,4,10,10,10,nan,nan,0.00
9/12/2023 19:45:26,1.17.0,Bandit,4,4.20,nan,30,20,80,LeftinTimeOut,Right,4,10,10,10,nan,nan,nan
9/12/2023 19:45:32,1.17.0,Bandit,4,4.20,nan,30,20,80,LeftinTimeOut,Right,4,10,10,10,nan,nan,nan
9/12/2023 19:45:49,1.17.0,Bandit,4,4.20,nan,30,20,80,Right,Right,4,11,10,10,nan,nan,0.05
9/12/2023 19:45:53,1.17.0,Bandit,4,4.19,2,30,20,80,Pellet,Right,4,11,11,10,0.50,440,nan
9/12/2023 19:46:12,1.17.0,Bandit,4,4.20,nan,30,20,80,Left,Right,5,11,11,11,nan,nan,0.10
9/12/2023 19:46:17,1.17.0,Bandit,4,4.20,nan,30,20,80,LeftinTimeOut,Right,5,11,11,11,nan,nan,nan
9/12/2023 19:46:20,1.17.0,Bandit,4,4.20,nan,30,20,80,LeftinTimeOut,Right,5,11,11,11,nan,nan,nan
9/12/2023 19:48:59,1.17.0,Bandit,4,4.20,nan,30,20,80,Right,Right,5,12,11,11,nan,nan,0.06
9/12/2023 19:49:31,1.17.0,Bandit,4,4.20,nan,30,20,80,Right,Right,5,13,11,11,nan,nan,0.00
9/12/2023 19:49:34,1.17.0,Bandit,4,4.20,1,30,20,80,Pellet,Right,5,13,12,11,0.56,221,nan
9/12/2023 19:49:52,1.17.0,Bandit,4,4.20,nan,30,20,80,Right,Right,5,14,12,12,nan,nan,0.22
9/12/2023 19:49:54,1.17.0,Bandit,4,4.20,1,30,20,80,Pellet,Right,5,14,13,12,0.56,20,nan
9/12/2023 19:50:15,1.17.0,Bandit,4,4.20,nan,30,20,80,Right,Right,5,15,13,13,nan,nan,0.00
9/12/2023 19:50:19,1.17.0,Bandit,4,4.20,2,30,20,80,Pellet,Right,5,15,14,13,0.12,25,nan
9/12/2023 19:50:35,1.17.0,Bandit,4,4.20,nan,30,20,80,Right,Right,5,16,14,14,nan,nan,0.00
9/12/2023 19:50:38,1.17.0,Bandit,4,4.20,1,30,20,80,Pellet,Right,5,16,15,14,0.63,19,nan
9/12/2023 19:51:05,1.17.0,Bandit,4,4.20,nan,30,20,80,Right,Right,5,17,15,15,nan,nan,0.06
9/12/2023 19:51:07,1.17.0,Bandit,4,4.20,1,30,20,80,Pellet,Right,5,17,16,15,0.31,29,nan
9/12/2023 19:51:24,1.17.0,Bandit,4,4.20,nan,30,20,80,Right,Right,5,18,16,16,nan,nan,0.01
9/12/2023 19:51:27,1.17.0,Bandit,4,4.20,1,30,20,80,Pellet,Right,5,18,17,16,0.56,20,nan
9/12/2023 19:51:47,1.17.0,Bandit,4,4.20,nan,30,20,80,Right,Right,5,19,17,17,nan,nan,0.00
9/12/2023 19:51:50,1.17.0,Bandit,4,4.20,1,30,20,80,Pellet,Right,5,19,18,17,0.44,23,nan
9/12/2023 19:52:11,1.17.0,Bandit,4,4.20,nan,30,20,80,Right,Right,5,20,18,18,nan,nan,0.00
9/12/2023 19:56:04,1.17.0,Bandit,4,4.20,nan,30,20,80,Left,Right,6,20,18,18,nan,nan,0.01
9/12/2023 19:56:26,1.17.0,Bandit,4,4.20,nan,30,20,80,Right,Right,6,21,18,18,nan,nan,0.01
9/12/2023 19:56:29,1.17.0,Bandit,4,4.20,1,30,20,80,Pellet,Right,6,21,19,18,0.63,279,nan
9/12/2023 19:56:51,1.17.0,Bandit,4,4.20,nan,30,20,80,Right,Right,6,22,19,19,nan,nan,0.16
9/12/2023 19:56:55,1.17.0,Bandit,4,4.20,1,30,20,80,Pellet,Right,6,22,20,19,1.64,26,nan
9/12/2023 19:57:11,1.17.0,Bandit,4,4.20,nan,30,20,80,Right,Right,6,23,20,20,nan,nan,0.00
9/12/2023 19:57:13,1.17.0,Bandit,4,4.20,1,30,20,80,Pellet,Right,6,23,21,20,0.37,18,nan
9/12/2023 19:57:33,1.17.0,Bandit,4,4.20,nan,30,20,80,Right,Right,6,24,21,21,nan,nan,0.00
9/12/2023 19:57:36,1.17.0,Bandit,4,4.19,1,30,20,80,Pellet,Right,6,24,22,21,0.37,23,nan
9/12/2023 19:57:59,1.17.0,Bandit,4,4.20,nan,30,20,80,Right,Right,6,25,22,22,nan,nan,0.03
9/12/2023 19:58:03,1.17.0,Bandit,4,4.20,1,30,20,80,Pellet,Right,6,25,23,22,1.13,27,nan
9/12/2023 20:02:21,1.17.0,Bandit,4,4.20,nan,30,20,80,Right,Right,6,26,23,23,nan,nan,0.06
9/12/2023 20:02:24,1.17.0,Bandit,4,4.20,1,30,20,80,Pellet,Right,6,26,24,23,1.13,261,nan
9/12/2023 20:02:40,1.17.0,Bandit,4,4.20,nan,30,20,80,Right,Right,6,27,24,24,nan,nan,0.00
9/12/2023 20:02:44,1.17.0,Bandit,4,4.20,2,30,20,80,Pellet,Right,6,27,25,24,0.19,20,nan
9/12/2023 20:03:51,1.17.0,Bandit,4,4.20,nan,30,20,80,Left,Right,7,27,25,25,nan,nan,0.28
9/12/2023 20:22:28,1.17.0,Bandit,4,4.19,nan,30,20,80,Left,Right,8,27,25,25,nan,nan,0.00
9/12/2023 20:22:34,1.17.0,Bandit,4,4.20,nan,30,20,80,LeftinTimeOut,Right,8,27,25,25,nan,nan,nan
9/12/2023 20:22:39,1.17.0,Bandit,4,4.19,nan,30,20,80,RightinTimeout,Right,8,27,25,25,nan,nan,0.00
9/12/2023 20:22:44,1.17.0,Bandit,4,4.20,nan,30,20,80,RightinTimeout,Right,8,27,25,25,nan,nan,0.00
9/12/2023 20:22:48,1.17.0,Bandit,4,4.20,nan,30,20,80,RightinTimeout,Right,8,27,25,25,nan,nan,0.00
9/12/2023 20:22:54,1.17.0,Bandit,4,4.19,nan,30,20,80,RightinTimeout,Right,8,27,25,25,nan,nan,0.00
9/12/2023 20:23:02,1.17.0,Bandit,4,4.20,nan,30,20,80,RightinTimeout,Right,8,27,25,25,nan,nan,0.00
9/12/2023 20:23:11,1.17.0,Bandit,4,4.20,nan,30,20,80,LeftinTimeOut,Right,8,27,25,25,nan,nan,nan
9/12/2023 20:23:15,1.17.0,Bandit,4,4.20,nan,30,20,80,RightinTimeout,Right,8,27,25,25,nan,nan,0.00
9/12/2023 20:23:20,1.17.0,Bandit,4,4.20,nan,30,20,80,RightinTimeout,Right,8,27,25,25,nan,nan,0.00
9/12/2023 20:23:29,1.17.0,Bandit,4,4.20,nan,30,20,80,RightinTimeout,Right,8,27,25,25,nan,nan,0.00
9/12/2023 20:23:33,1.17.0,Bandit,4,4.20,nan,30,20,80,RightinTimeout,Right,8,27,25,25,nan,nan,0.00
9/12/2023 20:23:37,1.17.0,Bandit,4,4.20,nan,30,20,80,RightinTimeout,Right,8,27,25,25,nan,nan,0.00
9/12/2023 20:23:42,1.17.0,Bandit,4,4.20,nan,30,20,80,RightinTimeout,Right,8,27,25,25,nan,nan,0.00
9/12/2023 20:23:48,1.17.0,Bandit,4,4.20,nan,30,20,80,RightinTimeout,Right,8,27,25,25,nan,nan,0.00
9/12/2023 20:23:49,1.17.0,Bandit,4,4.20,nan,30,20,80,RightinTimeout,Right,8,27,25,25,nan,nan,0.00
9/12/2023 20:23:49,1.17.0,Bandit,4,4.20,nan,30,20,80,RightinTimeout,Right,8,27,25,25,nan,nan,0.00
9/12/2023 20:24:04,1.17.0,Bandit,4,4.19,nan,30,20,80,Right,Right,8,28,25,25,nan,nan,0.00
9/12/2023 20:24:12,1.17.0,Bandit,4,4.20,nan,30,20,80,LeftinTimeOut,Right,8,28,25,25,nan,nan,nan
9/12/2023 20:24:19,1.17.0,Bandit,4,4.20,nan,30,20,80,RightinTimeout,Right,8,28,25,25,nan,nan,0.00
9/12/2023 20:24:20,1.17.0,Bandit,4,4.19,nan,30,20,80,RightinTimeout,Right,8,28,25,25,nan,nan,0.00
9/12/2023 20:24:27,1.17.0,Bandit,4,4.20,nan,30,20,80,RightinTimeout,Right,8,28,25,25,nan,nan,0.00
9/12/2023 20:24:27,1.17.0,Bandit,4,4.20,nan,30,20,80,RightinTimeout,Right,8,28,25,25,nan,nan,0.00
9/12/2023 20:24:38,1.17.0,Bandit,4,4.20,nan,30,20,80,Left,Right,9,28,25,25,nan,nan,0.08
9/12/2023 20:24:44,1.17.0,Bandit,4,4.19,nan,30,20,80,LeftinTimeOut,Right,9,28,25,25,nan,nan,nan
9/12/2023 20:24:48,1.17.0,Bandit,4,4.20,nan,30,20,80,LeftinTimeOut,Right,9,28,25,25,nan,nan,nan
9/12/2023 20:25:04,1.17.0,Bandit,4,4.20,nan,30,20,80,Left,Right,10,28,25,25,nan,nan,0.15
9/12/2023 20:25:33,1.17.0,Bandit,4,4.20,nan,30,20,80,Left,Right,11,28,25,25,nan,nan,0.46
9/12/2023 20:32:27,1.17.0,Bandit,4,4.20,nan,30,20,80,Left,Right,12,28,25,25,nan,nan,0.20
9/12/2023 20:32:32,1.17.0,Bandit,4,4.20,nan,30,20,80,RightinTimeout,Right,12,28,25,25,nan,nan,0.00
9/12/2023 20:32:35,1.17.0,Bandit,4,4.20,nan,30,20,80,LeftinTimeOut,Right,12,28,25,25,nan,nan,nan
9/12/2023 20:32:43,1.17.0,Bandit,4,4.20,nan,30,20,80,LeftinTimeOut,Right,12,28,25,25,nan,nan,nan
9/12/2023 20:32:51,1.17.0,Bandit,4,4.19,nan,30,20,80,LeftinTimeOut,Right,12,28,25,25,nan,nan,nan
9/12/2023 20:32:55,1.17.0,Bandit,4,4.20,nan,30,20,80,RightinTimeout,Right,12,28,25,25,nan,nan,0.00
9/12/2023 20:33:00,1.17.0,Bandit,4,4.20,nan,30,20,80,RightinTimeout,Right,12,28,25,25,nan,nan,0.00
9/12/2023 20:33:03,1.17.0,Bandit,4,4.20,nan,30,20,80,RightinTimeout,Right,12,28,25,25,nan,nan,0.00
9/12/2023 20:33:09,1.17.0,Bandit,4,4.20,nan,30,20,80,RightinTimeout,Right,12,28,25,25,nan,nan,0.00
9/12/2023 20:33:15,1.17.0,Bandit,4,4.20,nan,30,20,80,LeftinTimeOut,Right,12,28,25,25,nan,nan,nan
9/12/2023 20:33:21,1.17.0,Bandit,4,4.20,nan,30,20,80,LeftinTimeOut,Right,12,28,25,25,nan,nan,nan
9/12/2023 20:33:24,1.17.0,Bandit,4,4.20,nan,30,20,80,RightinTimeout,Right,12,28,25,25,nan,nan,0.00
9/12/2023 20:33:25,1.17.0,Bandit,4,4.20,nan,30,20,80,RightinTimeout,Right,12,28,25,25,nan,nan,0.00
9/12/2023 20:33:44,1.17.0,Bandit,4,4.20,nan,30,20,80,Right,Right,12,29,25,25,nan,nan,0.00
9/12/2023 20:33:47,1.17.0,Bandit,4,4.20,1,30,20,80,Pellet,Right,12,29,26,25,0.88,1863,nan
9/12/2023 20:34:12,1.17.0,Bandit,4,4.20,nan,30,20,80,Right,Right,12,30,26,26,nan,nan,0.00
9/12/2023 20:34:15,1.17.0,Bandit,4,4.20,1,30,20,80,Pellet,Right,12,30,27,26,0.69,28,nan
9/12/2023 20:34:43,1.17.0,Bandit,4,4.19,nan,30,20,80,Right,Right,12,31,27,27,nan,nan,0.02
9/12/2023 20:34:45,1.17.0,Bandit,4,4.19,2,30,20,80,Pellet,Right,12,31,28,27,0.44,30,nan
9/12/2023 20:35:08,1.17.0,Bandit,4,4.19,nan,30,20,80,Right,Right,12,32,28,28,nan,nan,0.00
9/12/2023 20:35:10,1.17.0,Bandit,4,4.19,1,30,20,80,Pellet,Right,12,32,29,28,0.69,25,nan
9/12/2023 20:35:34,1.17.0,Bandit,4,4.20,nan,30,20,80,Right,Right,12,33,29,29,nan,nan,0.00
9/12/2023 20:35:36,1.17.0,Bandit,4,4.20,1,30,20,80,Pellet,Right,12,33,30,29,0.44,26,nan
9/12/2023 20:36:06,1.17.0,Bandit,4,4.20,nan,30,80,20,Right,Left,12,34,30,0,nan,nan,0.00
9/12/2023 20:36:13,1.17.0,Bandit,4,4.19,nan,30,80,20,RightinTimeout,Left,12,34,30,0,nan,nan,0.00
9/12/2023 20:45:31,1.17.0,Bandit,4,4.20,nan,30,80,20,Left,Left,13,34,30,0,nan,nan,0.00
9/12/2023 20:45:34,1.17.0,Bandit,4,4.19,1,30,80,20,Pellet,Left,13,34,31,0,0.75,598,nan
9/12/2023 20:45:52,1.17.0,Bandit,4,4.20,nan,30,80,20,Left,Left,14,34,31,1,nan,nan,0.03
9/12/2023 20:45:54,1.17.0,Bandit,4,4.20,1,30,80,20,Pellet,Left,14,34,32,1,0.50,20,nan
9/12/2023 20:46:16,1.17.0,Bandit,4,4.19,nan,30,80,20,Left,Left,15,34,32,2,nan,nan,0.02
9/12/2023 20:46:20,1.17.0,Bandit,4,4.20,3,30,80,20,Pellet,Left,15,34,33,2,0.06,26,nan
9/12/2023 20:46:43,1.17.0,Bandit,4,4.19,nan,30,80,20,Left,Left,16,34,33,3,nan,nan,0.22
9/12/2023 20:46:45,1.17.0,Bandit,4,4.19,1,30,80,20,Pellet,Left,16,34,34,3,0.56,25,nan
9/12/2023 20:47:10,1.17.0,Bandit,4,4.19,nan,30,80,20,Left,Left,17,34,34,4,nan,nan,0.11
9/12/2023 20:59:37,1.17.0,Bandit,4,4.20,nan,30,80,20,Left,Left,18,34,34,4,nan,nan,0.01
9/12/2023 20:59:40,1.17.0,Bandit,4,4.20,1,30,80,20,Pellet,Left,18,34,35,4,0.44,775,nan
9/12/2023 21:00:01,1.17.0,Bandit,4,4.20,nan,30,80,20,Left,Left,19,34,35,5,nan,nan,0.06
9/12/2023 21:00:03,1.17.0,Bandit,4,4.19,1,30,80,20,Pellet,Left,19,34,36,5,0.31,23,nan
9/12/2023 21:00:31,1.17.0,Bandit,4,4.19,nan,30,80,20,Left,Left,20,34,36,6,nan,nan,0.15
9/12/2023 21:00:33,1.17.0,Bandit,4,4.19,1,30,80,20,Pellet,Left,20,34,37,6,0.44,30,nan
9/12/2023 21:01:23,1.17.0,Bandit,4,4.19,nan,30,80,20,Left,Left,21,34,37,7,nan,nan,0.00
9/12/2023 21:01:25,1.17.0,Bandit,4,4.20,1,30,80,20,Pellet,Left,21,34,38,7,0.19,52,nan
9/12/2023 21:01:45,1.17.0,Bandit,4,4.20,nan,30,80,20,Left,Left,22,34,38,8,nan,nan,0.08
9/12/2023 21:01:49,1.17.0,Bandit,4,4.19,2,30,80,20,Pellet,Left,22,34,39,8,0.31,24,nan
9/12/2023 21:02:10,1.17.0,Bandit,4,4.19,nan,30,80,20,Left,Left,23,34,39,9,nan,nan,0.00
9/12/2023 21:02:14,1.17.0,Bandit,4,4.19,3,30,80,20,Pellet,Left,23,34,40,9,0.06,25,nan
9/12/2023 21:10:54,1.17.0,Bandit,4,4.19,nan,30,80,20,Left,Left,24,34,40,10,nan,nan,0.00
9/12/2023 21:10:57,1.17.0,Bandit,4,4.20,1,30,80,20,Pellet,Left,24,34,41,10,1.20,523,nan
9/12/2023 21:11:29,1.17.0,Bandit,4,4.19,nan,30,80,20,Left,Left,25,34,41,11,nan,nan,0.00
9/12/2023 21:11:53,1.17.0,Bandit,4,4.19,nan,30,80,20,Left,Left,26,34,41,11,nan,nan,0.04
9/12/2023 21:11:56,1.17.0,Bandit,4,4.20,1,30,80,20,Pellet,Left,26,34,42,11,0.69,59,nan
9/12/2023 21:12:13,1.17.0,Bandit,4,4.20,nan,30,80,20,Left,Left,27,34,42,12,nan,nan,0.01
9/12/2023 21:12:15,1.17.0,Bandit,4,4.19,1,30,80,20,Pellet,Left,27,34,43,12,0.56,19,nan
9/12/2023 21:12:45,1.17.0,Bandit,4,4.20,nan,30,80,20,Left,Left,28,34,43,13,nan,nan,0.18
9/12/2023 21:12:47,1.17.0,Bandit,4,4.19,1,30,80,20,Pellet,Left,28,34,44,13,0.31,32,nan
9/12/2023 21:13:16,1.17.0,Bandit,4,4.19,nan,30,80,20,Left,Left,29,34,44,14,nan,nan,0.09
9/12/2023 21:13:19,1.17.0,Bandit,4,4.20,1,30,80,20,Pellet,Left,29,34,45,14,0.69,32,nan
9/12/2023 21:13:42,1.17.0,Bandit,4,4.18,nan,30,80,20,Left,Left,30,34,45,15,nan,nan,0.00
9/12/2023 21:13:45,1.17.0,Bandit,4,4.19,1,30,80,20,Pellet,Left,30,34,46,15,0.63,26,nan
9/12/2023 21:14:04,1.17.0,Bandit,4,4.20,nan,30,80,20,Left,Left,31,34,46,16,nan,nan,0.00
9/12/2023 21:14:08,1.17.0,Bandit,4,4.19,2,30,80,20,Pellet,Left,31,34,47,16,0.25,23,nan
9/12/2023 21:20:04,1.17.0,Bandit,4,4.20,nan,30,80,20,Left,Left,32,34,47,17,nan,nan,0.00
9/12/2023 21:25:08,1.17.0,Bandit,4,4.19,nan,30,80,20,Left,Left,33,34,47,17,nan,nan,0.00
9/12/2023 21:25:12,1.17.0,Bandit,4,4.19,1,30,80,20,Pellet,Left,33,34,48,17,1.51,664,nan
9/12/2023 21:25:29,1.17.0,Bandit,4,4.20,nan,30,80,20,Left,Left,34,34,48,18,nan,nan,0.00
9/12/2023 21:25:32,1.17.0,Bandit,4,4.19,1,30,80,20,Pellet,Left,34,34,49,18,0.82,20,nan
9/12/2023 21:25:50,1.17.0,Bandit,4,4.19,nan,30,80,20,Left,Left,35,34,49,19,nan,nan,0.04
9/12/2023 21:25:55,1.17.0,Bandit,4,4.20,2,30,80,20,Pellet,Left,35,34,50,19,0.19,23,nan
9/12/2023 21:26:14,1.17.0,Bandit,4,4.19,nan,30,80,20,Left,Left,36,34,50,20,nan,nan,0.00
9/12/2023 21:26:18,1.17.0,Bandit,4,4.19,2,30,80,20,Pellet,Left,36,34,51,20,0.37,23,nan
9/12/2023 21:26:36,1.17.0,Bandit,4,4.19,nan,30,80,20,Left,Left,37,34,51,21,nan,nan,0.00
9/12/2023 21:26:40,1.17.0,Bandit,4,4.19,2,30,80,20,Pellet,Left,37,34,52,21,0.50,22,nan
9/12/2023 21:27:08,1.17.0,Bandit,4,4.19,nan,30,80,20,Left,Left,38,34,52,22,nan,nan,0.31
9/12/2023 21:27:11,1.17.0,Bandit,4,4.19,1,30,80,20,Pellet,Left,38,34,53,22,0.82,31,nan
9/12/2023 21:47:48,1.17.0,Bandit,4,4.19,nan,30,80,20,Left,Left,39,34,53,23,nan,nan,0.00
9/12/2023 21:47:53,1.17.0,Bandit,4,4.19,nan,30,80,20,RightinTimeout,Left,39,34,53,23,nan,nan,0.00
9/12/2023 21:48:08,1.17.0,Bandit,4,4.19,nan,30,80,20,Left,Left,40,34,53,23,nan,nan,0.12
9/12/2023 21:48:12,1.17.0,Bandit,4,4.18,1,30,80,20,Pellet,Left,40,34,54,23,1.96,1261,nan
9/12/2023 21:48:36,1.17.0,Bandit,4,4.19,nan,30,80,20,Left,Left,41,34,54,24,nan,nan,0.00
9/12/2023 21:48:38,1.17.0,Bandit,4,4.19,1,30,80,20,Pellet,Left,41,34,55,24,0.63,26,nan
9/12/2023 21:53:51,1.17.0,Bandit,4,4.19,nan,30,80,20,Right,Left,41,35,55,25,nan,nan,0.00
9/12/2023 21:53:58,1.17.0,Bandit,4,4.18,nan,30,80,20,LeftinTimeOut,Left,41,35,55,25,nan,nan,nan
9/12/2023 22:03:43,1.17.0,Bandit,4,4.19,nan,30,80,20,Left,Left,42,35,55,25,nan,nan,0.12
9/12/2023 22:03:46,1.17.0,Bandit,4,4.19,1,30,80,20,Pellet,Left,42,35,56,25,0.56,908,nan
9/12/2023 22:04:14,1.17.0,Bandit,4,4.19,nan,30,80,20,Left,Left,43,35,56,26,nan,nan,0.00
9/12/2023 22:04:18,1.17.0,Bandit,4,4.19,2,30,80,20,Pellet,Left,43,35,57,26,0.06,32,nan
9/12/2023 22:04:44,1.17.0,Bandit,4,4.19,nan,30,80,20,Left,Left,44,35,57,27,nan,nan,0.09
9/12/2023 22:04:49,1.17.0,Bandit,4,4.18,2,30,80,20,Pellet,Left,44,35,58,27,0.31,31,nan
9/12/2023 22:05:15,1.17.0,Bandit,4,4.19,nan,30,80,20,Left,Left,45,35,58,28,nan,nan,0.01
9/12/2023 22:05:18,1.17.0,Bandit,4,4.18,1,30,80,20,Pellet,Left,45,35,59,28,0.69,29,nan
9/12/2023 22:05:40,1.17.0,Bandit,4,4.19,nan,30,80,20,Left,Left,46,35,59,29,nan,nan,0.00
9/12/2023 22:05:43,1.17.0,Bandit,4,4.19,1,30,80,20,Pellet,Left,46,35,60,29,0.69,25,nan
9/12/2023 22:06:37,1.17.0,Bandit,4,4.19,nan,30,20,80,Left,Right,47,35,60,0,nan,nan,0.03
9/12/2023 22:11:35,1.17.0,Bandit,4,4.19,nan,30,20,80,Left,Right,48,35,60,0,nan,nan,0.00
9/12/2023 22:17:16,1.17.0,Bandit,4,4.19,nan,30,20,80,Left,Right,49,35,60,0,nan,nan,0.00
9/12/2023 22:17:21,1.17.0,Bandit,4,4.19,nan,30,20,80,LeftinTimeOut,Right,49,35,60,0,nan,nan,nan
9/12/2023 22:17:27,1.17.0,Bandit,4,4.19,nan,30,20,80,LeftinTimeOut,Right,49,35,60,0,nan,nan,nan
9/12/2023 22:17:35,1.17.0,Bandit,4,4.19,nan,30,20,80,RightinTimeout,Right,49,35,60,0,nan,nan,0.00
9/12/2023 22:17:44,1.17.0,Bandit,4,4.18,nan,30,20,80,RightinTimeout,Right,49,35,60,0,nan,nan,0.00
9/12/2023 22:17:47,1.17.0,Bandit,4,4.18,nan,30,20,80,RightinTimeout,Right,49,35,60,0,nan,nan,0.00
9/12/2023 22:18:05,1.17.0,Bandit,4,4.18,nan,30,20,80,Right,Right,49,36,60,0,nan,nan,0.04
9/12/2023 22:18:07,1.17.0,Bandit,4,4.19,1,30,20,80,Pellet,Right,49,36,61,0,0.56,744,nan
9/12/2023 22:18:31,1.17.0,Bandit,4,4.18,nan,30,20,80,Right,Right,49,37,61,1,nan,nan,0.00
9/12/2023 22:18:34,1.17.0,Bandit,4,4.18,1,30,20,80,Pellet,Right,49,37,62,1,0.44,27,nan
9/12/2023 22:18:57,1.17.0,Bandit,4,4.19,nan,30,20,80,Right,Right,49,38,62,2,nan,nan,0.00
9/12/2023 22:19:00,1.17.0,Bandit,4,4.18,1,30,20,80,Pellet,Right,49,38,63,2,0.63,26,nan
9/12/2023 22:19:24,1.17.0,Bandit,4,4.19,nan,30,20,80,Right,Right,49,39,63,3,nan,nan,0.00
9/12/2023 22:19:27,1.17.0,Bandit,4,4.19,1,30,20,80,Pellet,Right,49,39,64,3,0.44,27,nan
9/12/2023 22:19:48,1.17.0,Bandit,4,4.18,nan,30,20,80,Right,Right,49,40,64,4,nan,nan,0.00
9/12/2023 22:19:52,1.17.0,Bandit,4,4.18,2,30,20,80,Pellet,Right,49,40,65,4,0.37,25,nan
9/12/2023 22:20:18,1.17.0,Bandit,4,4.19,nan,30,20,80,Left,Right,50,40,65,5,nan,nan,0.21
9/12/2023 22:20:28,1.17.0,Bandit,4,4.18,nan,30,20,80,LeftinTimeOut,Right,50,40,65,5,nan,nan,nan
9/12/2023 22:20:36,1.17.0,Bandit,4,4.18,nan,30,20,80,LeftinTimeOut,Right,50,40,65,5,nan,nan,nan
9/12/2023 22:22:45,1.17.0,Bandit,4,4.18,nan,30,20,80,Left,Right,51,40,65,5,nan,nan,0.09
9/12/2023 22:32:00,1.17.0,Bandit,4,4.18,nan,30,20,80,Left,Right,52,40,65,5,nan,nan,0.03
9/12/2023 22:32:31,1.17.0,Bandit,4,4.19,nan,30,20,80,Left,Right,53,40,65,5,nan,nan,0.72
9/12/2023 22:32:53,1.17.0,Bandit,4,4.19,nan,30,20,80,Left,Right,54,40,65,5,nan,nan,0.02
9/12/2023 22:32:58,1.17.0,Bandit,4,4.19,nan,30,20,80,LeftinTimeOut,Right,54,40,65,5,nan,nan,nan
9/12/2023 22:33:00,1.17.0,Bandit,4,4.18,nan,30,20,80,RightinTimeout,Right,54,40,65,5,nan,nan,0.00
9/12/2023 22:33:06,1.17.0,Bandit,4,4.18,nan,30,20,80,RightinTimeout,Right,54,40,65,5,nan,nan,0.00
9/12/2023 22:33:08,1.17.0,Bandit,4,4.18,nan,30,20,80,RightinTimeout,Right,54,40,65,5,nan,nan,0.00
9/12/2023 22:33:51,1.17.0,Bandit,4,4.18,nan,30,20,80,Left,Right,55,40,65,5,nan,nan,0.15
9/12/2023 22:41:16,1.17.0,Bandit,4,4.18,nan,30,20,80,Left,Right,56,40,65,5,nan,nan,0.00
9/12/2023 23:06:49,1.17.0,Bandit,4,4.18,nan,30,20,80,Left,Right,57,40,65,5,nan,nan,0.00
9/12/2023 23:06:55,1.17.0,Bandit,4,4.18,nan,30,20,80,LeftinTimeOut,Right,57,40,65,5,nan,nan,nan
9/12/2023 23:07:52,1.17.0,Bandit,4,4.18,nan,30,20,80,Left,Right,58,40,65,5,nan,nan,0.06
9/12/2023 23:08:01,1.17.0,Bandit,4,4.18,nan,30,20,80,RightinTimeout,Right,58,40,65,5,nan,nan,0.00
9/12/2023 23:08:07,1.17.0,Bandit,4,4.18,nan,30,20,80,RightinTimeout,Right,58,40,65,5,nan,nan,0.00
9/12/2023 23:08:07,1.17.0,Bandit,4,4.18,nan,30,20,80,RightinTimeout,Right,58,40,65,5,nan,nan,0.00
9/12/2023 23:08:16,1.17.0,Bandit,4,4.19,nan,30,20,80,LeftinTimeOut,Right,58,40,65,5,nan,nan,nan
9/12/2023 23:08:21,1.17.0,Bandit,4,4.18,nan,30,20,80,RightinTimeout,Right,58,40,65,5,nan,nan,0.00
9/12/2023 23:08:25,1.17.0,Bandit,4,4.17,nan,30,20,80,RightinTimeout,Right,58,40,65,5,nan,nan,0.00
9/12/2023 23:08:25,1.17.0,Bandit,4,4.18,nan,30,20,80,RightinTimeout,Right,58,40,65,5,nan,nan,0.00
9/12/2023 23:08:44,1.17.0,Bandit,4,4.18,nan,30,20,80,Right,Right,58,41,65,5,nan,nan,0.00
9/12/2023 23:08:47,1.17.0,Bandit,4,4.18,1,30,20,80,Pellet,Right,58,41,66,5,0.63,2935,nan
9/12/2023 23:09:11,1.17.0,Bandit,4,4.18,nan,30,20,80,Right,Right,58,42,66,6,nan,nan,0.00
9/12/2023 23:09:14,1.17.0,Bandit,4,4.18,1,30,20,80,Pellet,Right,58,42,67,6,0.31,27,nan
9/12/2023 23:09:33,1.17.0,Bandit,4,4.18,nan,30,20,80,Right,Right,58,43,67,7,nan,nan,0.00
9/12/2023 23:09:35,1.17.0,Bandit,4,4.18,1,30,20,80,Pellet,Right,58,43,68,7,0.37,21,nan
9/12/2023 23:10:07,1.17.0,Bandit,4,4.18,nan,30,20,80,Right,Right,58,44,68,8,nan,nan,0.00
9/12/2023 23:10:09,1.17.0,Bandit,4,4.18,1,30,20,80,Pellet,Right,58,44,69,8,0.25,34,nan
9/12/2023 23:10:31,1.17.0,Bandit,4,4.18,nan,30,20,80,Right,Right,58,45,69,9,nan,nan,0.00
9/12/2023 23:10:34,1.17.0,Bandit,4,4.18,1,30,20,80,Pellet,Right,58,45,70,9,0.44,25,nan
9/12/2023 23:11:04,1.17.0,Bandit,4,4.18,nan,30,20,80,Right,Right,58,46,70,10,nan,nan,0.00
9/12/2023 23:11:06,1.17.0,Bandit,4,4.18,1,30,20,80,Pellet,Right,58,46,71,10,0.37,32,nan
9/12/2023 23:11:43,1.17.0,Bandit,4,4.18,nan,30,20,80,Right,Right,58,47,71,11,nan,nan,0.00
9/12/2023 23:11:46,1.17.0,Bandit,4,4.18,nan,30,20,80,RightinTimeout,Right,58,47,71,11,nan,nan,0.00
9/12/2023 23:12:14,1.17.0,Bandit,4,4.18,nan,30,20,80,Right,Right,58,48,71,11,nan,nan,0.00
9/12/2023 23:12:18,1.17.0,Bandit,4,4.18,nan,30,20,80,RightinTimeout,Right,58,48,71,11,nan,nan,0.00
9/12/2023 23:12:23,1.17.0,Bandit,4,4.18,nan,30,20,80,LeftinTimeOut,Right,58,48,71,11,nan,nan,nan
9/12/2023 23:12:30,1.17.0,Bandit,4,4.18,nan,30,20,80,RightinTimeout,Right,58,48,71,11,nan,nan,0.00
9/12/2023 23:12:47,1.17.0,Bandit,4,4.18,nan,30,20,80,Right,Right,58,49,71,11,nan,nan,0.00
9/12/2023 23:12:49,1.17.0,Bandit,4,4.18,1,30,20,80,Pellet,Right,58,49,72,11,0.37,103,nan
9/12/2023 23:13:07,1.17.0,Bandit,4,4.18,nan,30,20,80,Right,Right,58,50,72,12,nan,nan,0.00
9/12/2023 23:13:09,1.17.0,Bandit,4,4.18,1,30,20,80,Pellet,Right,58,50,73,12,0.56,20,nan
9/12/2023 23:13:37,1.17.0,Bandit,4,4.18,nan,30,20,80,Right,Right,58,51,73,13,nan,nan,0.00
9/12/2023 23:13:40,1.17.0,Bandit,4,4.18,1,30,20,80,Pellet,Right,58,51,74,13,0.63,31,nan
9/12/2023 23:14:22,1.17.0,Bandit,4,4.18,nan,30,20,80,Right,Right,58,52,74,14,nan,nan,0.00
9/12/2023 23:22:53,1.17.0,Bandit,4,4.18,nan,30,20,80,Left,Right,59,52,74,14,nan,nan,0.00
9/12/2023 23:23:10,1.17.0,Bandit,4,4.18,nan,30,20,80,Right,Right,59,53,74,14,nan,nan,0.00
9/12/2023 23:23:14,1.17.0,Bandit,4,4.18,1,30,20,80,Pellet,Right,59,53,75,14,1.33,574,nan
9/12/2023 23:23:46,1.17.0,Bandit,4,4.18,nan,30,20,80,Right,Right,59,54,75,15,nan,nan,0.00
9/12/2023 23:23:48,1.17.0,Bandit,4,4.18,2,30,20,80,Pellet,Right,59,54,76,15,0.37,34,nan
9/12/2023 23:24:12,1.17.0,Bandit,4,4.18,nan,30,20,80,Right,Right,59,55,76,16,nan,nan,0.00
9/12/2023 23:24:14,1.17.0,Bandit,4,4.18,1,30,20,80,Pellet,Right,59,55,77,16,0.50,26,nan
9/12/2023 23:24:34,1.17.0,Bandit,4,4.18,nan,30,20,80,Right,Right,59,56,77,17,nan,nan,0.00
9/12/2023 23:24:37,1.17.0,Bandit,4,4.18,1,30,20,80,Pellet,Right,59,56,78,17,0.82,23,nan
9/12/2023 23:31:17,1.17.0,Bandit,4,4.18,nan,30,20,80,Left,Right,60,56,78,18,nan,nan,0.00
9/12/2023 23:36:37,1.17.0,Bandit,4,4.18,nan,30,20,80,Right,Right,60,57,78,18,nan,nan,0.00
9/12/2023 23:36:42,1.17.0,Bandit,4,4.18,1,30,20,80,Pellet,Right,60,57,79,18,2.28,725,nan
9/12/2023 23:37:26,1.17.0,Bandit,4,4.18,nan,30,20,80,Left,Right,61,57,79,19,nan,nan,0.02
9/12/2023 23:37:30,1.17.0,Bandit,4,4.18,nan,30,20,80,RightinTimeout,Right,61,57,79,19,nan,nan,0.00
9/12/2023 23:37:40,1.17.0,Bandit,4,4.18,nan,30,20,80,LeftinTimeOut,Right,61,57,79,19,nan,nan,nan
9/12/2023 23:38:05,1.17.0,Bandit,4,4.18,nan,30,20,80,Right,Right,61,58,79,19,nan,nan,0.00
9/12/2023 23:38:08,1.17.0,Bandit,4,4.18,1,30,20,80,Pellet,Right,61,58,80,19,1.01,86,nan
9/12/2023 23:38:24,1.17.0,Bandit,4,4.18,nan,30,20,80,Right,Right,61,59,80,20,nan,nan,0.00
9/12/2023 23:38:27,1.17.0,Bandit,4,4.18,1,30,20,80,Pellet,Right,61,59,81,20,0.25,18,nan
9/12/2023 23:38:49,1.17.0,Bandit,4,4.18,nan,30,20,80,Right,Right,61,60,81,21,nan,nan,0.00
9/12/2023 23:38:54,1.17.0,Bandit,4,4.18,1,30,20,80,Pellet,Right,61,60,82,21,2.72,28,nan
9/12/2023 23:39:37,1.17.0,Bandit,4,4.18,nan,30,20,80,Right,Right,61,61,82,22,nan,nan,0.00
9/12/2023 23:39:39,1.17.0,Bandit,4,4.18,1,30,20,80,Pellet,Right,61,61,83,22,0.25,45,nan
9/12/2023 23:39:55,1.17.0,Bandit,4,4.18,nan,30,20,80,Right,Right,61,62,83,23,nan,nan,0.00
9/12/2023 23:39:58,1.17.0,Bandit,4,4.18,1,30,20,80,Pellet,Right,61,62,84,23,0.19,18,nan
9/12/2023 23:40:15,1.17.0,Bandit,4,4.18,nan,30,20,80,Right,Right,61,63,84,24,nan,nan,0.00
9/12/2023 23:40:18,1.17.0,Bandit,4,4.18,1,30,20,80,Pellet,Right,61,63,85,24,0.63,21,nan
9/12/2023 23:40:38,1.17.0,Bandit,4,4.18,nan,30,20,80,Right,Right,61,64,85,25,nan,nan,0.15
9/12/2023 23:40:41,1.17.0,Bandit,4,4.18,1,30,20,80,Pellet,Right,61,64,86,25,0.37,23,nan
9/12/2023 23:41:02,1.17.0,Bandit,4,4.18,nan,30,20,80,Right,Right,61,65,86,26,nan,nan,0.00
9/12/2023 23:41:07,1.17.0,Bandit,4,4.18,2,30,20,80,Pellet,Right,61,65,87,26,1.07,26,nan
9/12/2023 23:41:32,1.17.0,Bandit,4,4.18,nan,30,20,80,Left,Right,62,65,87,27,nan,nan,0.01
9/12/2023 23:50:39,1.17.0,Bandit,4,4.18,nan,30,20,80,Left,Right,63,65,87,27,nan,nan,0.00
9/12/2023 23:52:04,1.17.0,Bandit,4,4.18,nan,30,20,80,Left,Right,64,65,87,27,nan,nan,0.01
9/13/2023 0:01:16,1.17.0,Bandit,4,4.18,nan,30,20,80,Left,Right,65,65,87,27,nan,nan,0.00
9/13/2023 0:01:19,1.17.0,Bandit,4,4.18,1,30,20,80,Pellet,Right,65,65,88,27,0.69,1212,nan
9/13/2023 0:01:38,1.17.0,Bandit,4,4.18,nan,30,20,80,Left,Right,66,65,88,28,nan,nan,0.00
9/13/2023 0:02:03,1.17.0,Bandit,4,4.18,nan,30,20,80,Left,Right,67,65,88,28,nan,nan,0.00
9/13/2023 0:02:07,1.17.0,Bandit,4,4.18,nan,30,20,80,RightinTimeout,Right,67,65,88,28,nan,nan,0.00
9/13/2023 0:02:10,1.17.0,Bandit,4,4.18,nan,30,20,80,RightinTimeout,Right,67,65,88,28,nan,nan,0.00
9/13/2023 0:02:11,1.17.0,Bandit,4,4.18,nan,30,20,80,RightinTimeout,Right,67,65,88,28,nan,nan,0.00
9/13/2023 0:02:19,1.17.0,Bandit,4,4.18,nan,30,20,80,LeftinTimeOut,Right,67,65,88,28,nan,nan,nan
9/13/2023 0:03:28,1.17.0,Bandit,4,4.18,nan,30,20,80,Left,Right,68,65,88,28,nan,nan,0.00
9/13/2023 0:03:46,1.17.0,Bandit,4,4.18,nan,30,20,80,Right,Right,68,66,88,28,nan,nan,0.00
9/13/2023 0:04:36,1.17.0,Bandit,4,4.17,nan,30,20,80,Left,Right,69,66,88,28,nan,nan,0.04
9/13/2023 0:09:40,1.17.0,Bandit,4,4.18,nan,30,20,80,Left,Right,70,66,88,28,nan,nan,0.00
9/13/2023 0:10:35,1.17.0,Bandit,4,4.18,nan,30,20,80,Left,Right,71,66,88,28,nan,nan,0.00
9/13/2023 0:11:03,1.17.0,Bandit,4,4.18,nan,30,20,80,Left,Right,72,66,88,28,nan,nan,0.03
9/13/2023 0:11:47,1.17.0,Bandit,4,4.18,nan,30,20,80,Left,Right,73,66,88,28,nan,nan,0.00
9/13/2023 0:17:40,1.17.0,Bandit,4,4.18,nan,30,20,80,Left,Right,74,66,88,28,nan,nan,0.00
9/13/2023 0:17:44,1.17.0,Bandit,4,4.18,2,30,20,80,Pellet,Right,74,66,89,28,2.34,985,nan
9/13/2023 0:22:49,1.17.0,Bandit,4,4.18,nan,30,20,80,Left,Right,75,66,89,29,nan,nan,0.00
9/13/2023 0:22:51,1.17.0,Bandit,4,4.18,1,30,20,80,Pellet,Right,75,66,90,29,0.44,307,nan
9/13/2023 0:23:09,1.17.0,Bandit,4,4.18,nan,30,80,20,Left,Left,76,66,90,0,nan,nan,0.01
9/13/2023 0:23:12,1.17.0,Bandit,4,4.18,1,30,80,20,Pellet,Left,76,66,91,0,0.31,21,nan
9/13/2023 0:23:28,1.17.0,Bandit,4,4.18,nan,30,80,20,Left,Left,77,66,91,1,nan,nan,0.00
9/13/2023 0:23:31,1.17.0,Bandit,4,4.18,1,30,80,20,Pellet,Left,77,66,92,1,0.44,19,nan
9/13/2023 0:23:47,1.17.0,Bandit,4,4.18,nan,30,80,20,Left,Left,78,66,92,2,nan,nan,0.06
9/13/2023 0:23:49,1.17.0,Bandit,4,4.18,1,30,80,20,Pellet,Left,78,66,93,2,0.19,18,nan
9/13/2023 0:24:20,1.17.0,Bandit,4,4.18,nan,30,80,20,Left,Left,79,66,93,3,nan,nan,0.07
9/13/2023 0:24:23,1.17.0,Bandit,4,4.17,1,30,80,20,Pellet,Left,79,66,94,3,0.82,34,nan
9/13/2023 0:24:41,1.17.0,Bandit,4,4.18,nan,30,80,20,Left,Left,80,66,94,4,nan,nan,0.11
9/13/2023 0:24:44,1.17.0,Bandit,4,4.18,1,30,80,20,Pellet,Left,80,66,95,4,0.56,21,nan
9/13/2023 0:25:12,1.17.0,Bandit,4,4.18,nan,30,80,20,Left,Left,81,66,95,5,nan,nan,0.10
9/13/2023 0:25:15,1.17.0,Bandit,4,4.18,1,30,80,20,Pellet,Left,81,66,96,5,0.50,31,nan
9/13/2023 0:25:35,1.17.0,Bandit,4,4.18,nan,30,80,20,Left,Left,82,66,96,6,nan,nan,0.06
9/13/2023 0:25:38,1.17.0,Bandit,4,4.18,1,30,80,20,Pellet,Left,82,66,97,6,0.44,23,nan
9/13/2023 0:25:55,1.17.0,Bandit,4,4.18,nan,30,80,20,Left,Left,83,66,97,7,nan,nan,0.00
9/13/2023 0:25:57,1.17.0,Bandit,4,4.18,2,30,80,20,Pellet,Left,83,66,98,7,0.69,19,nan
9/13/2023 0:26:16,1.17.0,Bandit,4,4.18,nan,30,80,20,Left,Left,84,66,98,8,nan,nan,0.00
9/13/2023 0:26:19,1.17.0,Bandit,4,4.18,1,30,80,20,Pellet,Left,84,66,99,8,0.25,22,nan
9/13/2023 0:36:39,1.17.0,Bandit,4,4.18,nan,30,80,20,Right,Left,84,67,99,9,nan,nan,0.00
9/13/2023 0:47:34,1.17.0,Bandit,4,4.18,nan,30,80,20,Left,Left,85,67,99,9,nan,nan,0.00
9/13/2023 0:47:40,1.17.0,Bandit,4,4.18,1,30,80,20,Pellet,Left,85,67,100,9,4.06,1281,nan
9/13/2023 0:48:04,1.17.0,Bandit,4,4.18,nan,30,80,20,Left,Left,86,67,100,10,nan,nan,0.00
9/13/2023 0:58:22,1.17.0,Bandit,4,4.17,nan,30,80,20,Right,Left,86,68,100,10,nan,nan,0.00
9/13/2023 1:01:29,1.17.0,Bandit,4,4.18,nan,30,80,20,Right,Left,86,69,100,10,nan,nan,0.11
9/13/2023 1:04:16,1.17.0,Bandit,4,4.18,nan,30,80,20,Right,Left,86,70,100,10,nan,nan,0.00
9/13/2023 1:05:01,1.17.0,Bandit,4,4.18,nan,30,80,20,Right,Left,86,71,100,10,nan,nan,0.22
9/13/2023 1:05:21,1.17.0,Bandit,4,4.17,nan,30,80,20,Left,Left,87,71,100,10,nan,nan,0.00
9/13/2023 1:05:23,1.17.0,Bandit,4,4.18,1,30,80,20,Pellet,Left,87,71,101,10,0.44,1063,nan
9/13/2023 1:05:52,1.17.0,Bandit,4,4.18,nan,30,80,20,Right,Left,87,72,101,11,nan,nan,0.00
9/13/2023 1:06:19,1.17.0,Bandit,4,4.17,nan,30,80,20,Left,Left,88,72,101,11,nan,nan,0.00
9/13/2023 1:06:22,1.17.0,Bandit,4,4.18,1,30,80,20,Pellet,Left,88,72,102,11,0.63,59,nan
9/13/2023 1:07:01,1.17.0,Bandit,4,4.18,nan,30,80,20,Left,Left,89,72,102,12,nan,nan,0.08
9/13/2023 1:07:05,1.17.0,Bandit,4,4.17,2,30,80,20,Pellet,Left,89,72,103,12,0.25,43,nan
9/13/2023 1:07:32,1.17.0,Bandit,4,4.18,nan,30,80,20,Left,Left,90,72,103,13,nan,nan,0.00
9/13/2023 1:07:35,1.17.0,Bandit,4,4.17,1,30,80,20,Pellet,Left,90,72,104,13,0.88,30,nan
9/13/2023 1:12:46,1.17.0,Bandit,4,4.17,nan,30,80,20,Right,Left,90,73,104,14,nan,nan,0.00
9/13/2023 1:22:05,1.17.0,Bandit,4,4.17,nan,30,80,20,Right,Left,90,74,104,14,nan,nan,0.00
9/13/2023 1:27:29,1.17.0,Bandit,4,4.18,nan,30,80,20,Left,Left,91,74,104,14,nan,nan,0.34
9/13/2023 1:27:32,1.17.0,Bandit,4,4.18,1,30,80,20,Pellet,Left,91,74,105,14,0.63,1197,nan
9/13/2023 1:28:19,1.17.0,Bandit,4,4.17,nan,30,80,20,Right,Left,91,75,105,15,nan,nan,0.00
9/13/2023 1:32:22,1.17.0,Bandit,4,4.17,nan,30,80,20,Left,Left,92,75,105,15,nan,nan,0.00
9/13/2023 1:33:24,1.17.0,Bandit,4,4.18,nan,30,80,20,Left,Left,93,75,105,15,nan,nan,0.00
9/13/2023 1:33:52,1.17.0,Bandit,4,4.17,nan,30,80,20,Left,Left,94,75,105,15,nan,nan,0.00
9/13/2023 1:33:56,1.17.0,Bandit,4,4.17,1,30,80,20,Pellet,Left,94,75,106,15,1.45,384,nan
9/13/2023 1:34:25,1.17.0,Bandit,4,4.17,nan,30,80,20,Left,Left,95,75,106,16,nan,nan,0.00
9/13/2023 1:34:29,1.17.0,Bandit,4,4.17,2,30,80,20,Pellet,Left,95,75,107,16,0.19,33,nan
9/13/2023 1:34:52,1.17.0,Bandit,4,4.17,nan,30,80,20,Left,Left,96,75,107,17,nan,nan,0.01
9/13/2023 1:34:55,1.17.0,Bandit,4,4.17,1,30,80,20,Pellet,Left,96,75,108,17,0.19,26,nan
9/13/2023 1:35:20,1.17.0,Bandit,4,4.17,nan,30,80,20,Left,Left,97,75,108,18,nan,nan,0.00
9/13/2023 1:35:24,1.17.0,Bandit,4,4.18,2,30,80,20,Pellet,Left,97,75,109,18,0.06,29,nan
9/13/2023 1:35:41,1.17.0,Bandit,4,4.17,nan,30,80,20,Left,Left,98,75,109,19,nan,nan,0.02
9/13/2023 1:35:44,1.17.0,Bandit,4,4.18,1,30,80,20,Pellet,Left,98,75,110,19,0.69,20,nan
9/13/2023 1:36:07,1.17.0,Bandit,4,4.17,nan,30,80,20,Left,Left,99,75,110,20,nan,nan,0.01
9/13/2023 1:36:09,1.17.0,Bandit,4,4.18,1,30,80,20,Pellet,Left,99,75,111,20,0.37,25,nan
9/13/2023 1:36:35,1.17.0,Bandit,4,4.17,nan,30,80,20,Left,Left,100,75,111,21,nan,nan,0.00
9/13/2023 1:36:39,1.17.0,Bandit,4,4.17,2,30,80,20,Pellet,Left,100,75,112,21,0.06,30,nan
9/13/2023 1:37:15,1.17.0,Bandit,4,4.17,nan,30,80,20,Left,Left,101,75,112,22,nan,nan,0.00
9/13/2023 1:37:19,1.17.0,Bandit,4,4.18,2,30,80,20,Pellet,Left,101,75,113,22,0.18,40,nan
9/13/2023 2:05:16,1.17.0,Bandit,4,4.17,nan,30,80,20,Left,Left,102,75,113,23,nan,nan,0.04
9/13/2023 2:05:19,1.17.0,Bandit,4,4.17,1,30,80,20,Pellet,Left,102,75,114,23,1.64,1680,nan
9/13/2023 2:06:07,1.17.0,Bandit,4,4.17,nan,30,80,20,Left,Left,103,75,114,24,nan,nan,0.00
9/13/2023 2:06:53,1.17.0,Bandit,4,4.17,nan,30,80,20,Left,Left,104,75,114,24,nan,nan,0.00
9/13/2023 2:06:55,1.17.0,Bandit,4,4.16,1,30,80,20,Pellet,Left,104,75,115,24,0.56,96,nan
9/13/2023 2:07:16,1.17.0,Bandit,4,4.17,nan,30,80,20,Left,Left,105,75,115,25,nan,nan,0.00
9/13/2023 2:07:19,1.17.0,Bandit,4,4.16,1,30,80,20,Pellet,Left,105,75,116,25,0.44,24,nan
9/13/2023 2:07:40,1.17.0,Bandit,4,4.17,nan,30,80,20,Left,Left,106,75,116,26,nan,nan,0.05
9/13/2023 2:07:49,1.17.0,Bandit,4,4.17,nan,30,80,20,LeftinTimeOut,Left,106,75,116,26,nan,nan,nan
9/13/2023 2:11:27,1.17.0,Bandit,4,4.16,nan,30,80,20,Left,Left,107,75,116,26,nan,nan,0.00
9/13/2023 2:11:30,1.17.0,Bandit,4,4.17,1,30,80,20,Pellet,Left,107,75,117,26,0.75,251,nan
9/13/2023 2:11:56,1.17.0,Bandit,4,4.17,nan,30,80,20,Left,Left,108,75,117,27,nan,nan,0.00
9/13/2023 2:12:30,1.17.0,Bandit,4,4.17,nan,30,80,20,Right,Left,108,76,117,27,nan,nan,0.00
9/13/2023 2:21:25,1.17.0,Bandit,4,4.17,nan,30,80,20,Left,Left,109,76,117,27,nan,nan,0.03
9/13/2023 2:21:30,1.17.0,Bandit,4,4.16,2,30,80,20,Pellet,Left,109,76,118,27,0.69,600,nan
9/13/2023 2:22:42,1.17.0,Bandit,4,4.17,nan,30,80,20,Right,Left,109,77,118,28,nan,nan,0.00
9/13/2023 2:23:46,1.17.0,Bandit,4,4.17,nan,30,80,20,Right,Left,109,78,118,28,nan,nan,0.00
9/13/2023 2:23:59,1.17.0,Bandit,4,4.17,nan,30,80,20,Right,Left,109,79,118,28,nan,nan,0.00
9/13/2023 2:29:05,1.17.0,Bandit,4,4.16,nan,30,80,20,Left,Left,110,79,118,28,nan,nan,0.00
9/13/2023 2:29:10,1.17.0,Bandit,4,4.17,2,30,80,20,Pellet,Left,110,79,119,28,0.25,460,nan
9/13/2023 2:29:26,1.17.0,Bandit,4,4.16,nan,30,80,20,Left,Left,111,79,119,29,nan,nan,0.00
9/13/2023 2:29:29,1.17.0,Bandit,4,4.17,1,30,80,20,Pellet,Left,111,79,120,29,0.31,18,nan
9/13/2023 2:29:48,1.17.0,Bandit,4,4.17,nan,30,20,80,Left,Right,112,79,120,0,nan,nan,0.00
9/13/2023 3:41:19,1.17.0,Bandit,4,4.16,nan,30,20,80,Left,Right,113,79,120,0,nan,nan,0.00
9/13/2023 3:41:23,1.17.0,Bandit,4,4.16,nan,30,20,80,LeftinTimeOut,Right,113,79,120,0,nan,nan,nan
9/13/2023 4:15:33,1.17.0,Bandit,4,4.16,nan,30,20,80,Right,Right,113,80,120,0,nan,nan,0.00
9/13/2023 4:15:38,1.17.0,Bandit,4,4.16,2,30,20,80,Pellet,Right,113,80,121,0,0.63,6370,nan
9/13/2023 4:15:55,1.17.0,Bandit,4,4.16,nan,30,20,80,Left,Right,114,80,121,1,nan,nan,0.01
9/13/2023 4:16:15,1.17.0,Bandit,4,4.16,nan,30,20,80,Left,Right,115,80,121,1,nan,nan,0.00
9/13/2023 4:16:18,1.17.0,Bandit,4,4.16,1,30,20,80,Pellet,Right,115,80,122,1,0.31,40,nan
9/13/2023 4:16:57,1.17.0,Bandit,4,4.16,nan,30,20,80,Left,Right,116,80,122,2,nan,nan,0.00
9/13/2023 4:17:02,1.17.0,Bandit,4,4.16,nan,30,20,80,LeftinTimeOut,Right,116,80,122,2,nan,nan,nan
9/13/2023 4:17:15,1.17.0,Bandit,4,4.16,nan,30,20,80,Right,Right,116,81,122,2,nan,nan,0.00
9/13/2023 4:17:18,1.17.0,Bandit,4,4.16,1,30,20,80,Pellet,Right,116,81,123,2,0.25,60,nan
9/13/2023 4:17:41,1.17.0,Bandit,4,4.16,nan,30,20,80,Left,Right,117,81,123,3,nan,nan,0.03
9/13/2023 4:17:55,1.17.0,Bandit,4,4.16,nan,30,20,80,Left,Right,118,81,123,3,nan,nan,0.02
9/13/2023 4:18:01,1.17.0,Bandit,4,4.16,nan,30,20,80,LeftinTimeOut,Right,118,81,123,3,nan,nan,nan
9/13/2023 4:18:18,1.17.0,Bandit,4,4.16,nan,30,20,80,Right,Right,118,82,123,3,nan,nan,0.00
9/13/2023 4:18:21,1.17.0,Bandit,4,4.16,2,30,20,80,Pellet,Right,118,82,124,3,0.50,63,nan
9/13/2023 4:18:43,1.17.0,Bandit,4,4.16,nan,30,20,80,Right,Right,118,83,124,4,nan,nan,0.02
9/13/2023 4:18:46,1.17.0,Bandit,4,4.16,1,30,20,80,Pellet,Right,118,83,125,4,0.44,25,nan
9/13/2023 4:19:20,1.17.0,Bandit,4,4.16,nan,30,20,80,Right,Right,118,84,125,5,nan,nan,0.00
9/13/2023 4:19:25,1.17.0,Bandit,4,4.16,2,30,20,80,Pellet,Right,118,84,126,5,0.06,39,nan
9/13/2023 4:19:50,1.17.0,Bandit,4,4.16,nan,30,20,80,Left,Right,119,84,126,6,nan,nan,0.03
9/13/2023 4:19:52,1.17.0,Bandit,4,4.16,1,30,20,80,Pellet,Right,119,84,127,6,0.31,27,nan
9/13/2023 4:20:12,1.17.0,Bandit,4,4.16,nan,30,20,80,Left,Right,120,84,127,7,nan,nan,0.09
9/13/2023 4:20:21,1.17.0,Bandit,4,4.16,nan,30,20,80,LeftinTimeOut,Right,120,84,127,7,nan,nan,nan
9/13/2023 4:20:41,1.17.0,Bandit,4,4.16,nan,30,20,80,Left,Right,121,84,127,7,nan,nan,0.12
9/13/2023 4:21:37,1.17.0,Bandit,4,4.16,nan,30,20,80,Left,Right,122,84,127,7,nan,nan,0.23
9/13/2023 4:29:30,1.17.0,Bandit,4,4.16,nan,30,20,80,Left,Right,123,84,127,7,nan,nan,0.49
9/13/2023 4:30:11,1.17.0,Bandit,4,4.16,nan,30,20,80,Right,Right,123,85,127,7,nan,nan,0.04
9/13/2023 4:30:14,1.17.0,Bandit,4,4.16,1,30,20,80,Pellet,Right,123,85,128,7,0.75,622,nan
9/13/2023 4:30:44,1.17.0,Bandit,4,4.16,nan,30,20,80,Right,Right,123,86,128,8,nan,nan,0.00
9/13/2023 4:30:47,1.17.0,Bandit,4,4.16,1,30,20,80,Pellet,Right,123,86,129,8,0.31,33,nan
9/13/2023 4:31:11,1.17.0,Bandit,4,4.16,nan,30,20,80,Right,Right,123,87,129,9,nan,nan,0.00
9/13/2023 4:31:14,1.17.0,Bandit,4,4.16,1,30,20,80,Pellet,Right,123,87,130,9,0.82,27,nan
9/13/2023 4:31:44,1.17.0,Bandit,4,4.16,nan,30,20,80,Right,Right,123,88,130,10,nan,nan,0.00
9/13/2023 4:31:47,1.17.0,Bandit,4,4.16,1,30,20,80,Pellet,Right,123,88,131,10,0.37,33,nan
9/13/2023 4:56:48,1.17.0,Bandit,4,4.16,nan,30,20,80,Left,Right,124,88,131,11,nan,nan,0.04
9/13/2023 4:57:29,1.17.0,Bandit,4,4.16,nan,30,20,80,Left,Right,125,88,131,11,nan,nan,0.51
9/13/2023 5:34:36,1.17.0,Bandit,4,4.16,nan,30,20,80,Left,Right,126,88,131,11,nan,nan,0.11
9/13/2023 5:34:39,1.17.0,Bandit,4,4.16,nan,30,20,80,LeftinTimeOut,Right,126,88,131,11,nan,nan,nan
9/13/2023 5:34:51,1.17.0,Bandit,4,4.15,nan,30,20,80,Right,Right,126,89,131,11,nan,nan,0.02
9/13/2023 5:34:57,1.17.0,Bandit,4,4.16,nan,30,20,80,RightinTimeout,Right,126,89,131,11,nan,nan,0.00
9/13/2023 5:35:01,1.17.0,Bandit,4,4.16,nan,30,20,80,RightinTimeout,Right,126,89,131,11,nan,nan,0.00
9/13/2023 5:35:07,1.17.0,Bandit,4,4.15,nan,30,20,80,RightinTimeout,Right,126,89,131,11,nan,nan,0.00
9/13/2023 5:35:12,1.17.0,Bandit,4,4.16,nan,30,20,80,RightinTimeout,Right,126,89,131,11,nan,nan,0.00
9/13/2023 5:35:21,1.17.0,Bandit,4,4.15,nan,30,20,80,LeftinTimeOut,Right,126,89,131,11,nan,nan,nan
9/13/2023 5:35:29,1.17.0,Bandit,4,4.16,nan,30,20,80,RightinTimeout,Right,126,89,131,11,nan,nan,0.00
9/13/2023 5:35:32,1.17.0,Bandit,4,4.16,nan,30,20,80,LeftinTimeOut,Right,126,89,131,11,nan,nan,nan
9/13/2023 5:35:41,1.17.0,Bandit,4,4.16,nan,30,20,80,RightinTimeout,Right,126,89,131,11,nan,nan,0.00
9/13/2023 5:35:42,1.17.0,Bandit,4,4.14,nan,30,20,80,RightinTimeout,Right,126,89,131,11,nan,nan,0.00
9/13/2023 5:36:19,1.17.0,Bandit,4,4.16,nan,30,20,80,Right,Right,126,90,131,11,nan,nan,0.00
9/13/2023 5:36:22,1.17.0,Bandit,4,4.15,1,30,20,80,Pellet,Right,126,90,132,11,0.63,3875,nan
9/13/2023 5:37:06,1.17.0,Bandit,4,4.16,nan,30,20,80,Right,Right,126,91,132,12,nan,nan,0.03
9/13/2023 5:37:08,1.17.0,Bandit,4,4.16,1,30,20,80,Pellet,Right,126,91,133,12,0.37,46,nan
9/13/2023 5:37:46,1.17.0,Bandit,4,4.16,nan,30,20,80,Right,Right,126,92,133,13,nan,nan,0.00
9/13/2023 5:37:49,1.17.0,Bandit,4,4.15,1,30,20,80,Pellet,Right,126,92,134,13,0.50,41,nan
9/13/2023 5:39:08,1.17.0,Bandit,4,4.15,nan,30,20,80,Right,Right,126,93,134,14,nan,nan,0.00
9/13/2023 5:39:11,1.17.0,Bandit,4,4.16,2,30,20,80,Pellet,Right,126,93,135,14,0.37,82,nan
9/13/2023 5:39:46,1.17.0,Bandit,4,4.16,nan,30,20,80,Right,Right,126,94,135,15,nan,nan,0.01
9/13/2023 5:39:49,1.17.0,Bandit,4,4.16,1,30,20,80,Pellet,Right,126,94,136,15,0.44,38,nan
9/13/2023 5:40:24,1.17.0,Bandit,4,4.16,nan,30,20,80,Right,Right,126,95,136,16,nan,nan,0.00
9/13/2023 5:40:27,1.17.0,Bandit,4,4.16,1,30,20,80,Pellet,Right,126,95,137,16,0.82,38,nan
9/13/2023 5:42:17,1.17.0,Bandit,4,4.15,nan,30,20,80,Left,Right,127,95,137,17,nan,nan,0.00
9/13/2023 6:03:54,1.17.0,Bandit,4,4.16,nan,30,20,80,Left,Right,128,95,137,17,nan,nan,0.04
9/13/2023 6:16:53,1.17.0,Bandit,4,4.16,nan,30,20,80,Left,Right,129,95,137,17,nan,nan,0.07
9/13/2023 6:16:58,1.17.0,Bandit,4,4.16,nan,30,20,80,LeftinTimeOut,Right,129,95,137,17,nan,nan,nan
9/13/2023 6:17:08,1.17.0,Bandit,4,4.16,nan,30,20,80,LeftinTimeOut,Right,129,95,137,17,nan,nan,nan
9/13/2023 6:17:12,1.17.0,Bandit,4,4.15,nan,30,20,80,LeftinTimeOut,Right,129,95,137,17,nan,nan,nan
9/13/2023 6:17:15,1.17.0,Bandit,4,4.15,nan,30,20,80,RightinTimeout,Right,129,95,137,17,nan,nan,0.00
9/13/2023 6:17:15,1.17.0,Bandit,4,4.15,nan,30,20,80,RightinTimeout,Right,129,95,137,17,nan,nan,0.00
9/13/2023 6:17:19,1.17.0,Bandit,4,4.15,nan,30,20,80,RightinTimeout,Right,129,95,137,17,nan,nan,0.00
9/13/2023 6:17:24,1.17.0,Bandit,4,4.15,nan,30,20,80,RightinTimeout,Right,129,95,137,17,nan,nan,0.00
9/13/2023 6:17:30,1.17.0,Bandit,4,4.15,nan,30,20,80,RightinTimeout,Right,129,95,137,17,nan,nan,0.00
9/13/2023 6:17:30,1.17.0,Bandit,4,4.16,nan,30,20,80,RightinTimeout,Right,129,95,137,17,nan,nan,0.00
9/13/2023 6:18:28,1.17.0,Bandit,4,4.15,nan,30,20,80,Right,Right,129,96,137,17,nan,nan,0.00
9/13/2023 6:18:30,1.17.0,Bandit,4,4.15,1,30,20,80,Pellet,Right,129,96,138,17,0.19,2283,nan
9/13/2023 6:18:55,1.17.0,Bandit,4,4.15,nan,30,20,80,Right,Right,129,97,138,18,nan,nan,0.00
9/13/2023 6:18:58,1.17.0,Bandit,4,4.16,1,30,20,80,Pellet,Right,129,97,139,18,0.25,28,nan
9/13/2023 6:19:18,1.17.0,Bandit,4,4.15,nan,30,20,80,Right,Right,129,98,139,19,nan,nan,0.00
9/13/2023 6:19:21,1.17.0,Bandit,4,4.15,1,30,20,80,Pellet,Right,129,98,140,19,0.37,23,nan
9/13/2023 6:20:41,1.17.0,Bandit,4,4.14,nan,30,20,80,Right,Right,129,99,140,20,nan,nan,0.00
9/13/2023 6:20:45,1.17.0,Bandit,4,4.15,nan,30,20,80,RightinTimeout,Right,129,99,140,20,nan,nan,0.00
9/13/2023 6:20:45,1.17.0,Bandit,4,4.16,nan,30,20,80,RightinTimeout,Right,129,99,140,20,nan,nan,0.00
9/13/2023 6:44:17,1.17.0,Bandit,4,4.15,nan,30,20,80,Left,Right,130,99,140,20,nan,nan,0.00
9/13/2023 6:44:24,1.17.0,Bandit,4,4.15,nan,30,20,80,LeftinTimeOut,Right,130,99,140,20,nan,nan,nan
9/13/2023 6:44:36,1.17.0,Bandit,4,4.15,nan,30,20,80,Left,Right,131,99,140,20,nan,nan,0.14
9/13/2023 6:44:40,1.17.0,Bandit,4,4.15,nan,30,20,80,LeftinTimeOut,Right,131,99,140,20,nan,nan,nan
9/13/2023 6:44:44,1.17.0,Bandit,4,4.16,nan,30,20,80,RightinTimeout,Right,131,99,140,20,nan,nan,0.00
9/13/2023 6:44:47,1.17.0,Bandit,4,4.15,nan,30,20,80,RightinTimeout,Right,131,99,140,20,nan,nan,0.00
9/13/2023 6:44:47,1.17.0,Bandit,4,4.15,nan,30,20,80,RightinTimeout,Right,131,99,140,20,nan,nan,0.00
9/13/2023 6:45:00,1.17.0,Bandit,4,4.15,nan,30,20,80,Left,Right,132,99,140,20,nan,nan,0.03
9/13/2023 6:45:08,1.17.0,Bandit,4,4.15,nan,30,20,80,RightinTimeout,Right,132,99,140,20,nan,nan,0.00
9/13/2023 6:45:14,1.17.0,Bandit,4,4.15,nan,30,20,80,LeftinTimeOut,Right,132,99,140,20,nan,nan,nan
9/13/2023 6:45:19,1.17.0,Bandit,4,4.15,nan,30,20,80,RightinTimeout,Right,132,99,140,20,nan,nan,0.00
9/13/2023 6:45:32,1.17.0,Bandit,4,4.15,nan,30,20,80,Right,Right,132,100,140,20,nan,nan,0.00
9/13/2023 6:45:36,1.17.0,Bandit,4,4.16,2,30,20,80,Pellet,Right,132,100,141,20,0.25,1575,nan
9/13/2023 6:46:01,1.17.0,Bandit,4,4.15,nan,30,20,80,Right,Right,132,101,141,21,nan,nan,0.00
9/13/2023 6:46:04,1.17.0,Bandit,4,4.15,1,30,20,80,Pellet,Right,132,101,142,21,0.37,28,nan
9/13/2023 6:46:52,1.17.0,Bandit,4,4.15,nan,30,20,80,Right,Right,132,102,142,22,nan,nan,0.00
9/13/2023 6:46:54,1.17.0,Bandit,4,4.15,1,30,20,80,Pellet,Right,132,102,143,22,0.31,50,nan
9/13/2023 6:47:20,1.17.0,Bandit,4,4.15,nan,30,20,80,Right,Right,132,103,143,23,nan,nan,0.00
9/13/2023 6:47:22,1.17.0,Bandit,4,4.15,1,30,20,80,Pellet,Right,132,103,144,23,0.19,28,nan
9/13/2023 6:48:01,1.17.0,Bandit,4,4.16,nan,30,20,80,Right,Right,132,104,144,24,nan,nan,0.00
9/13/2023 6:48:03,1.17.0,Bandit,4,4.14,1,30,20,80,Pellet,Right,132,104,145,24,0.56,41,nan
9/13/2023 6:48:45,1.17.0,Bandit,4,4.15,nan,30,20,80,Right,Right,132,105,145,25,nan,nan,0.00
9/13/2023 6:48:47,1.17.0,Bandit,4,4.16,2,30,20,80,Pellet,Right,132,105,146,25,0.37,44,nan
9/13/2023 6:49:15,1.17.0,Bandit,4,4.15,nan,30,20,80,Right,Right,132,106,146,26,nan,nan,0.00
9/13/2023 6:49:17,1.17.0,Bandit,4,4.15,1,30,20,80,Pellet,Right,132,106,147,26,0.25,30,nan
9/13/2023 6:50:00,1.17.0,Bandit,4,4.15,nan,30,20,80,Right,Right,132,107,147,27,nan,nan,0.00
9/13/2023 6:50:02,1.17.0,Bandit,4,4.15,1,30,20,80,Pellet,Right,132,107,148,27,0.75,45,nan
9/13/2023 6:50:28,1.17.0,Bandit,4,4.15,nan,30,20,80,Right,Right,132,108,148,28,nan,nan,0.00
9/13/2023 6:50:32,1.17.0,Bandit,4,4.15,2,30,20,80,Pellet,Right,132,108,149,28,0.25,30,nan
9/13/2023 7:05:55,1.17.0,Bandit,4,4.15,nan,30,20,80,Right,Right,132,109,149,29,nan,nan,0.00
9/13/2023 7:08:05,1.17.0,Bandit,4,4.15,nan,30,20,80,Left,Right,133,109,149,29,nan,nan,0.09
9/13/2023 7:12:57,1.17.0,Bandit,4,4.14,nan,30,20,80,Right,Right,133,110,149,29,nan,nan,0.00
9/13/2023 7:13:00,1.17.0,Bandit,4,4.14,1,30,20,80,Pellet,Right,133,110,150,29,0.75,1348,nan
9/13/2023 7:13:34,1.17.0,Bandit,4,4.15,nan,30,80,20,Right,Left,133,111,150,0,nan,nan,0.03
9/13/2023 7:13:55,1.17.0,Bandit,4,4.15,nan,30,80,20,Right,Left,133,112,150,0,nan,nan,0.00
9/13/2023 7:16:59,1.17.0,Bandit,4,4.15,nan,30,80,20,Left,Left,134,112,150,0,nan,nan,0.00
9/13/2023 7:19:22,1.17.0,Bandit,4,4.14,nan,30,80,20,Left,Left,135,112,150,0,nan,nan,0.08
9/13/2023 7:19:26,1.17.0,Bandit,4,4.14,nan,30,80,20,LeftinTimeOut,Left,135,112,150,0,nan,nan,nan
9/13/2023 7:19:46,1.17.0,Bandit,4,4.15,nan,30,80,20,Left,Left,136,112,150,0,nan,nan,0.02
9/13/2023 7:19:49,1.17.0,Bandit,4,4.14,1,30,80,20,Pellet,Left,136,112,151,0,0.56,409,nan
9/13/2023 7:20:09,1.17.0,Bandit,4,4.14,nan,30,80,20,Left,Left,137,112,151,1,nan,nan,0.00
9/13/2023 7:20:12,1.17.0,Bandit,4,4.14,1,30,80,20,Pellet,Left,137,112,152,1,0.25,23,nan
9/13/2023 7:20:30,1.17.0,Bandit,4,4.15,nan,30,80,20,Left,Left,138,112,152,2,nan,nan,0.00
9/13/2023 7:20:33,1.17.0,Bandit,4,4.15,2,30,80,20,Pellet,Left,138,112,153,2,0.06,21,nan
9/13/2023 7:21:01,1.17.0,Bandit,4,4.14,nan,30,80,20,Left,Left,139,112,153,3,nan,nan,0.06
9/13/2023 7:21:06,1.17.0,Bandit,4,4.14,2,30,80,20,Pellet,Left,139,112,154,3,0.12,33,nan
9/13/2023 7:21:27,1.17.0,Bandit,4,4.14,nan,30,80,20,Left,Left,140,112,154,4,nan,nan,0.07
9/13/2023 7:21:29,1.17.0,Bandit,4,4.15,1,30,80,20,Pellet,Left,140,112,155,4,0.19,23,nan
9/13/2023 7:22:06,1.17.0,Bandit,4,4.14,nan,30,80,20,Left,Left,141,112,155,5,nan,nan,0.01
9/13/2023 7:22:08,1.17.0,Bandit,4,4.14,1,30,80,20,Pellet,Left,141,112,156,5,0.25,39,nan
9/13/2023 7:22:28,1.17.0,Bandit,4,4.14,nan,30,80,20,Left,Left,142,112,156,6,nan,nan,0.00
9/13/2023 7:22:30,1.17.0,Bandit,4,4.14,1,30,80,20,Pellet,Left,142,112,157,6,0.12,22,nan
9/13/2023 7:23:01,1.17.0,Bandit,4,4.15,nan,30,80,20,Left,Left,143,112,157,7,nan,nan,0.09
9/13/2023 7:23:04,1.17.0,Bandit,4,4.15,1,30,80,20,Pellet,Left,143,112,158,7,0.25,33,nan
9/13/2023 7:23:35,1.17.0,Bandit,4,4.15,nan,30,80,20,Left,Left,144,112,158,8,nan,nan,0.07
9/13/2023 7:23:37,1.17.0,Bandit,4,4.14,1,30,80,20,Pellet,Left,144,112,159,8,0.25,34,nan
9/13/2023 7:59:31,1.17.0,Bandit,4,4.15,nan,30,80,20,Left,Left,145,112,159,9,nan,nan,0.05
9/13/2023 7:59:35,1.17.0,Bandit,4,4.14,1,30,80,20,Pellet,Left,145,112,160,9,2.27,2158,nan
9/13/2023 8:00:00,1.17.0,Bandit,4,4.14,nan,30,80,20,Left,Left,146,112,160,10,nan,nan,0.00
9/13/2023 8:00:04,1.17.0,Bandit,4,4.14,1,30,80,20,Pellet,Left,146,112,161,10,2.40,29,nan
9/13/2023 8:10:21,1.17.0,Bandit,4,4.14,nan,30,80,20,Right,Left,146,113,161,11,nan,nan,0.00
9/13/2023 8:23:16,1.17.0,Bandit,4,4.14,nan,30,80,20,Left,Left,147,113,161,11,nan,nan,0.00
9/13/2023 8:23:58,1.17.0,Bandit,4,4.14,nan,30,80,20,Right,Left,147,114,161,11,nan,nan,0.00
9/13/2023 8:49:16,1.17.0,Bandit,4,4.14,nan,30,80,20,Right,Left,147,115,161,11,nan,nan,0.00
9/13/2023 8:53:02,1.17.0,Bandit,4,4.14,nan,30,80,20,Right,Left,147,116,161,11,nan,nan,0.06
9/13/2023 8:53:07,1.17.0,Bandit,4,4.14,2,30,80,20,Pellet,Left,147,116,162,11,0.88,3183,nan
9/13/2023 8:53:39,1.17.0,Bandit,4,4.14,nan,30,80,20,Right,Left,147,117,162,12,nan,nan,0.00
9/13/2023 8:54:05,1.17.0,Bandit,4,4.14,nan,30,80,20,Right,Left,147,118,162,12,nan,nan,0.00
9/13/2023 8:54:08,1.17.0,Bandit,4,4.14,1,30,80,20,Pellet,Left,147,118,163,12,0.37,61,nan
9/13/2023 8:54:33,1.17.0,Bandit,4,4.14,nan,30,80,20,Right,Left,147,119,163,13,nan,nan,0.00
9/13/2023 9:01:51,1.17.0,Bandit,4,4.14,nan,30,80,20,Right,Left,147,120,163,13,nan,nan,0.00
9/13/2023 9:01:54,1.17.0,Bandit,4,4.14,nan,30,80,20,RightinTimeout,Left,147,120,163,13,nan,nan,0.00
9/13/2023 9:04:51,1.17.0,Bandit,4,4.14,nan,30,80,20,Right,Left,147,121,163,13,nan,nan,0.00
9/13/2023 9:10:21,1.17.0,Bandit,4,4.14,nan,30,80,20,Left,Left,148,121,163,13,nan,nan,0.00
9/13/2023 9:10:26,1.17.0,Bandit,4,4.14,1,30,80,20,Pellet,Left,148,121,164,13,2.53,978,nan
9/13/2023 9:11:05,1.17.0,Bandit,4,4.14,nan,30,80,20,Left,Left,149,121,164,14,nan,nan,0.05
9/13/2023 9:11:07,1.17.0,Bandit,4,4.14,1,30,80,20,Pellet,Left,149,121,165,14,0.50,41,nan
9/13/2023 9:11:35,1.17.0,Bandit,4,4.14,nan,30,80,20,Left,Left,150,121,165,15,nan,nan,0.04
9/13/2023 10:30:57,1.17.0,Bandit,4,4.13,nan,30,80,20,Left,Left,151,121,165,15,nan,nan,0.17
9/13/2023 10:31:02,1.17.0,Bandit,4,4.14,1,30,80,20,Pellet,Left,151,121,166,15,2.72,4795,nan
9/13/2023 10:31:42,1.17.0,Bandit,4,4.14,nan,30,80,20,Left,Left,152,121,166,16,nan,nan,0.12
9/13/2023 10:31:46,1.17.0,Bandit,4,4.14,1,30,80,20,Pellet,Left,152,121,167,16,1.39,44,nan
9/13/2023 10:32:17,1.17.0,Bandit,4,4.14,nan,30,80,20,Left,Left,153,121,167,17,nan,nan,0.00
9/13/2023 10:32:20,1.17.0,Bandit,4,4.14,1,30,80,20,Pellet,Left,153,121,168,17,1.20,34,nan
9/13/2023 10:32:48,1.17.0,Bandit,4,4.14,nan,30,80,20,Left,Left,154,121,168,18,nan,nan,0.13
9/13/2023 10:32:52,1.17.0,Bandit,4,4.13,2,30,80,20,Pellet,Left,154,121,169,18,0.31,32,nan
9/13/2023 10:33:34,1.17.0,Bandit,4,4.14,nan,30,80,20,Left,Left,155,121,169,19,nan,nan,0.00
9/13/2023 11:31:27,1.17.0,Bandit,4,4.13,nan,30,80,20,Left,Left,156,121,169,19,nan,nan,0.13
9/13/2023 11:31:32,1.17.0,Bandit,4,4.13,2,30,80,20,Pellet,Left,156,121,170,19,0.37,3520,nan
9/13/2023 11:31:55,1.17.0,Bandit,4,4.13,nan,30,80,20,Left,Left,157,121,170,20,nan,nan,0.10
9/13/2023 11:31:59,1.17.0,Bandit,4,4.13,2,30,80,20,Pellet,Left,157,121,171,20,0.50,27,nan
9/13/2023 11:32:24,1.17.0,Bandit,4,4.13,nan,30,80,20,Left,Left,158,121,171,21,nan,nan,0.06
9/13/2023 11:32:27,1.17.0,Bandit,4,4.13,1,30,80,20,Pellet,Left,158,121,172,21,0.88,28,nan
9/13/2023 11:33:07,1.17.0,Bandit,4,4.12,nan,30,80,20,Left,Left,159,121,172,22,nan,nan,0.08
9/13/2023 11:33:14,1.17.0,Bandit,4,4.13,4,30,80,20,Pellet,Left,159,121,173,22,0.31,47,nan
9/13/2023 12:01:20,1.17.0,Bandit,4,4.12,nan,30,80,20,Left,Left,160,121,173,23,nan,nan,0.04
9/13/2023 12:01:24,1.17.0,Bandit,4,4.13,2,30,80,20,Pellet,Left,160,121,174,23,1.89,1690,nan
9/13/2023 12:01:51,1.17.0,Bandit,4,4.12,nan,30,80,20,Left,Left,161,121,174,24,nan,nan,0.16
9/13/2023 12:01:54,1.17.0,Bandit,4,4.13,2,30,80,20,Pellet,Left,161,121,175,24,0.56,30,nan
9/13/2023 12:02:23,1.17.0,Bandit,4,4.13,nan,30,80,20,Left,Left,162,121,175,25,nan,nan,0.01
9/13/2023 12:02:26,1.17.0,Bandit,4,4.12,2,30,80,20,Pellet,Left,162,121,176,25,0.50,32,nan
9/13/2023 12:02:47,1.17.0,Bandit,4,4.13,nan,30,80,20,Left,Left,163,121,176,26,nan,nan,0.04
9/13/2023 12:02:50,1.17.0,Bandit,4,4.13,1,30,80,20,Pellet,Left,163,121,177,26,1.07,24,nan
9/13/2023 12:26:58,1.17.0,Bandit,4,4.12,nan,30,80,20,Left,Left,164,121,177,27,nan,nan,0.13
9/13/2023 12:27:01,1.17.0,Bandit,4,4.12,1,30,80,20,Pellet,Left,164,121,178,27,1.26,1451,nan
9/13/2023 12:27:28,1.17.0,Bandit,4,4.12,nan,30,80,20,Left,Left,165,121,178,28,nan,nan,0.13
9/13/2023 12:27:33,1.17.0,Bandit,4,4.12,1,30,80,20,Pellet,Left,165,121,179,28,2.34,32,nan
9/13/2023 12:28:00,1.17.0,Bandit,4,4.12,nan,30,80,20,Left,Left,166,121,179,29,nan,nan,0.14
9/13/2023 12:28:04,1.17.0,Bandit,4,4.12,1,30,80,20,Pellet,Left,166,121,180,29,1.89,31,nan
9/13/2023 12:28:34,1.17.0,Bandit,4,4.13,nan,30,20,80,Left,Right,167,121,180,0,nan,nan,0.13
9/13/2023 12:42:04,1.17.0,Bandit,4,4.12,nan,30,20,80,Right,Right,167,122,180,0,nan,nan,0.00
9/13/2023 12:42:14,1.17.0,Bandit,4,4.13,1,30,20,80,Pellet,Right,167,122,181,0,8.00,850,nan
9/13/2023 12:50:01,1.17.0,Bandit,4,4.12,nan,30,20,80,Right,Right,167,123,181,1,nan,nan,0.00
9/13/2023 12:53:37,1.17.0,Bandit,4,4.13,nan,30,20,80,Left,Right,168,123,181,1,nan,nan,0.00
9/13/2023 12:54:28,1.17.0,Bandit,4,4.12,nan,30,20,80,Right,Right,168,124,181,1,nan,nan,0.00
9/13/2023 12:54:36,1.17.0,Bandit,4,4.12,1,30,20,80,Pellet,Right,168,124,182,1,6.28,742,nan
9/13/2023 12:55:06,1.17.0,Bandit,4,4.12,nan,30,20,80,Right,Right,168,125,182,2,nan,nan,0.00
9/13/2023 12:55:09,1.17.0,Bandit,4,4.12,1,30,20,80,Pellet,Right,168,125,183,2,0.69,33,nan
9/13/2023 13:02:25,1.17.0,Bandit,4,4.12,nan,30,20,80,Left,Right,169,125,183,3,nan,nan,0.00
9/13/2023 13:58:53,1.17.0,Bandit,4,4.11,nan,30,20,80,Right,Right,169,126,183,3,nan,nan,0.00
9/13/2023 13:58:56,1.17.0,Bandit,4,4.12,1,30,20,80,Pellet,Right,169,126,184,3,0.82,3827,nan
